<?xml version="1.0"?>
<opencv_storage>
<mtxL type_id="opencv-matrix">
  <rows>3</rows>
  <cols>3</cols>
  <dt>d</dt>
  <data>
    3.4702761957637335e+03 0. 2.0457960174875925e+03 0.
    3.4688960506588569e+03 1.5636291650560495e+03 0. 0. 1.</data></mtxL>
<distL type_id="opencv-matrix">
  <rows>1</rows>
  <cols>5</cols>
  <dt>d</dt>
  <data>
    -1.8851184412277400e-01 2.3197940944487760e-01
    7.5644938880929538e-04 -7.5263130372956268e-04
    -2.2907885958155816e-01</data></distL>
<rectL type_id="opencv-matrix">
  <rows>3</rows>
  <cols>3</cols>
  <dt>d</dt>
  <data>
    9.7039836202772300e-01 1.2126801690372365e-03 2.4150682884904096e-01
    -1.4509469783994422e-03 9.9999862033911735e-01
    8.0874762924462306e-04 -2.4150551489930452e-01
    -1.1352209782941329e-03 9.7039878274168911e-01</data></rectL>
<proj_matL type_id="opencv-matrix">
  <rows>3</rows>
  <cols>4</cols>
  <dt>d</dt>
  <data>
    3.2725233573509959e+03 0. 2.0625345916748047e+03 0. 0.
    3.2725233573509959e+03 1.5773072052001953e+03 0. 0. 0. 1. 0.</data></proj_matL>
<wL>4096</wL>
<hL>3000</hL>
<mtxR type_id="opencv-matrix">
  <rows>3</rows>
  <cols>3</cols>
  <dt>d</dt>
  <data>
    3.4759107588940255e+03 0. 2.0787525062354002e+03 0.
    3.4748784413064477e+03 1.5546055569933749e+03 0. 0. 1.</data></mtxR>
<distR type_id="opencv-matrix">
  <rows>1</rows>
  <cols>5</cols>
  <dt>d</dt>
  <data>
    -1.8286737744737117e-01 1.9242875500579906e-01
    1.1217505634866839e-03 1.5292710435231395e-03
    -1.4918105123738865e-01</data></distR>
<rectR type_id="opencv-matrix">
  <rows>3</rows>
  <cols>3</cols>
  <dt>d</dt>
  <data>
    9.7064340750836398e-01 7.4355133794671196e-03
    -2.4040817082897956e-01 -7.6726784924029930e-03
    9.9997056329405820e-01 -5.0498675207560419e-05
    2.4040071852077369e-01 1.8935908078955819e-03 9.7067188526738923e-01</data></rectR>
<proj_matR type_id="opencv-matrix">
  <rows>3</rows>
  <cols>4</cols>
  <dt>d</dt>
  <data>
    3.2725233573509959e+03 0. 2.0625345916748047e+03
    -7.5092627197906096e+05 0. 3.2725233573509959e+03
    1.5773072052001953e+03 0. 0. 0. 1. 0.</data></proj_matR>
<wR>4096</wR>
<hR>3000</hR>
<baselineLR>2.2946399153798919e+02</baselineLR>
<RotLR type_id="opencv-matrix">
  <rows>3</rows>
  <cols>3</cols>
  <dt>d</dt>
  <data>
    8.8386380610027648e-01 -6.7684958340782564e-03
    4.6769537065281808e-01 5.3071931139007976e-03 9.9997605092940067e-01
    4.4419892945109255e-03 -4.6771423536940226e-01
    -1.4439639139711905e-03 8.8387856009806609e-01</data></RotLR>
<TrnsLR type_id="opencv-matrix">
  <rows>3</rows>
  <cols>1</cols>
  <dt>d</dt>
  <data>
    -2.2272771064690428e+02 -1.7061825791894445e+00
    5.5165018476764097e+01</data></TrnsLR>
</opencv_storage>