-0.104528463 0.325113707 -0.939880247 -45 -0.994521895 -0.0341708275 0.0987853946 5.5 0 0.94505737 0.326904524 15 0 0 0 1
-0.63270533 -0.22435453 0.74118082 42 0.77439264 -0.18330534 0.60557013 34 0 0.95711243 0.28971677 15. 0 0 0 1
0.08492195 -0.43877894 -0.89457325 -50 0.97066229 -0.16626548 0.17369659 3 -0.22495105 -0.88307918 0.41178658 23.5 0 0 0 1