6.123233995736766e-17 -0.19753086419753088 0.9802966682027316 0.7940403012442127 1.0 1.2095277028615835e-17 -6.002585884646452e-17 0.0 0.0 0.9802966682027316 0.19753086419753088 0.16 0.0 0.0 0.0 1.0
-0.4999999999999998 -0.1710667464265558 0.8489618179088106 0.6876590725061366 0.8660254037844387 -0.0987654320987654 0.4901483341013656 0.39702015062210627 0.0 0.9802966682027316 0.19753086419753088 0.16 0.0 0.0 0.0 1.0
-0.8660254037844385 -0.09876543209876551 0.49014833410136616 0.39702015062210644 0.5000000000000003 -0.17106674642655575 0.8489618179088104 0.6876590725061366 0.0 0.9802966682027316 0.19753086419753088 0.16 0.0 0.0 0.0 1.0
-1.0 -2.419055405723167e-17 1.2005171769292903e-16 4.8620945665636257e-17 1.2246467991473532e-16 -0.19753086419753088 0.9802966682027316 0.7940403012442127 0.0 0.9802966682027316 0.19753086419753088 0.16 0.0 0.0 0.0 1.0
-0.8660254037844386 0.09876543209876547 -0.49014833410136593 -0.39702015062210616 -0.5000000000000001 -0.17106674642655578 0.8489618179088105 0.6876590725061366 0.0 0.9802966682027316 0.19753086419753088 0.16 0.0 0.0 0.0 1.0
-0.5000000000000004 0.17106674642655575 -0.8489618179088104 -0.6876590725061364 -0.8660254037844385 -0.09876543209876552 0.49014833410136627 0.3970201506221066 0.0 0.9802966682027316 0.19753086419753088 0.16 0.0 0.0 0.0 1.0
-1.8369701987210297e-16 0.19753086419753088 -0.9802966682027316 -0.7940403012442127 -1.0 -3.6285831085847505e-17 1.8007757653939353e-16 9.724189133127251e-17 0.0 0.9802966682027316 0.19753086419753088 0.16 0.0 0.0 0.0 1.0
0.4999999999999995 0.17106674642655587 -0.8489618179088109 -0.6876590725061367 -0.8660254037844389 0.09876543209876534 -0.4901483341013653 -0.3970201506221061 0.0 0.9802966682027316 0.19753086419753088 0.16 0.0 0.0 0.0 1.0
0.8660254037844385 0.09876543209876548 -0.49014833410136605 -0.39702015062210666 -0.5000000000000002 0.17106674642655575 -0.8489618179088104 -0.6876590725061364 0.0 0.9802966682027316 0.19753086419753088 0.16 0.0 0.0 0.0 1.0
1.0 4.3860662701240756e-17 -2.1766958640040005e-16 -1.4586283699690876e-16 -2.220446049250313e-16 0.19753086419753088 -0.9802966682027316 -0.7940403012442127 0.0 0.9802966682027316 0.19753086419753088 0.16 0.0 0.0 0.0 1.0
0.866025403784439 -0.0987654320987653 0.4901483341013651 0.39702015062210577 0.4999999999999993 0.17106674642655587 -0.848961817908811 -0.6876590725061369 0.0 0.9802966682027316 0.19753086419753088 0.16 0.0 0.0 0.0 1.0
0.5000000000000004 -0.17106674642655575 0.8489618179088103 0.6876590725061363 0.8660254037844384 0.09876543209876552 -0.49014833410136627 -0.39702015062210666 0.0 0.9802966682027316 0.19753086419753088 0.16 0.0 0.0 0.0 1.0
6.123233995736766e-17 -0.3950617283950617 0.9186545764091673 0.7441102068914255 1.0 2.4190554057231667e-17 -5.625136932607772e-17 0.0 0.0 0.9186545764091673 0.3950617283950617 0.32 0.0 0.0 0.0 1.0
-0.4999999999999998 -0.34213349285311156 0.7955782004731716 0.644418342383269 0.8660254037844387 -0.19753086419753077 0.4593272882045834 0.3720551034457127 0.0 0.9186545764091673 0.3950617283950617 0.32 0.0 0.0 0.0 1.0
-0.8660254037844385 -0.197530864197531 0.45932728820458396 0.3720551034457128 0.5000000000000003 -0.34213349285311145 0.7955782004731714 0.6444183423832689 0.0 0.9186545764091673 0.3950617283950617 0.32 0.0 0.0 0.0 1.0
-1.0 -4.8381108114463333e-17 1.1250273865215544e-16 4.556360915412295e-17 1.2246467991473532e-16 -0.3950617283950617 0.9186545764091673 0.7441102068914255 0.0 0.9186545764091673 0.3950617283950617 0.32 0.0 0.0 0.0 1.0
-0.8660254037844386 0.1975308641975309 -0.45932728820458374 -0.3720551034457126 -0.5000000000000001 -0.3421334928531115 0.7955782004731715 0.644418342383269 0.0 0.9186545764091673 0.3950617283950617 0.32 0.0 0.0 0.0 1.0
-0.5000000000000004 0.34213349285311145 -0.7955782004731714 -0.6444183423832688 -0.8660254037844385 -0.19753086419753102 0.459327288204584 0.37205510344571296 0.0 0.9186545764091673 0.3950617283950617 0.32 0.0 0.0 0.0 1.0
-1.8369701987210297e-16 0.3950617283950617 -0.9186545764091673 -0.7441102068914255 -1.0 -7.2571662171695e-17 1.6875410797823312e-16 9.11272183082459e-17 0.0 0.9186545764091673 0.3950617283950617 0.32 0.0 0.0 0.0 1.0
0.4999999999999995 0.3421334928531117 -0.7955782004731717 -0.6444183423832691 -0.8660254037844389 0.19753086419753066 -0.4593272882045832 -0.3720551034457125 0.0 0.9186545764091673 0.3950617283950617 0.32 0.0 0.0 0.0 1.0
0.8660254037844383 0.1975308641975311 -0.45932728820458424 -0.3720551034457131 -0.5000000000000007 0.3421334928531114 -0.7955782004731712 -0.6444183423832688 0.0 0.9186545764091673 0.3950617283950617 0.32 0.0 0.0 0.0 1.0
1.0 8.77213254024815e-17 -2.0398229248134553e-16 -1.3669082746236883e-16 -2.220446049250313e-16 0.3950617283950617 -0.9186545764091673 -0.7441102068914255 0.0 0.9186545764091673 0.3950617283950617 0.32 0.0 0.0 0.0 1.0
0.866025403784439 -0.19753086419753058 0.45932728820458296 0.37205510344571224 0.4999999999999993 0.3421334928531117 -0.7955782004731718 -0.6444183423832692 0.0 0.9186545764091673 0.3950617283950617 0.32 0.0 0.0 0.0 1.0
0.5000000000000004 -0.34213349285311145 0.7955782004731713 0.6444183423832688 0.8660254037844384 0.19753086419753102 -0.459327288204584 -0.3720551034457131 0.0 0.9186545764091673 0.3950617283950617 0.32 0.0 0.0 0.0 1.0
6.123233995736766e-17 -0.5925925925925926 0.8055023396641313 0.6524568951279464 1.0 3.62858310858475e-17 -4.9322793098769126e-17 0.0 0.0 0.8055023396641313 0.5925925925925926 0.48 0.0 0.0 0.0 1.0
-0.4999999999999998 -0.5132002392796674 0.6975854889569394 0.5650442460551209 0.8660254037844387 -0.29629629629629617 0.4027511698320655 0.3262284475639731 0.0 0.8055023396641313 0.5925925925925926 0.48 0.0 0.0 0.0 1.0
-0.8660254037844385 -0.2962962962962965 0.40275116983206594 0.32622844756397323 0.5000000000000003 -0.5132002392796672 0.6975854889569393 0.5650442460551208 0.0 0.8055023396641313 0.5925925925925926 0.48 0.0 0.0 0.0 1.0
-1.0 -7.2571662171695e-17 9.864558619753825e-17 3.995146241000299e-17 1.2246467991473532e-16 -0.5925925925925926 0.8055023396641313 0.6524568951279464 0.0 0.8055023396641313 0.5925925925925926 0.48 0.0 0.0 0.0 1.0
-0.8660254037844386 0.29629629629629634 -0.40275116983206577 -0.326228447563973 -0.5000000000000001 -0.5132002392796673 0.6975854889569393 0.5650442460551209 0.0 0.8055023396641313 0.5925925925925926 0.48 0.0 0.0 0.0 1.0
-0.5000000000000004 0.5132002392796672 -0.6975854889569393 -0.5650442460551208 -0.8660254037844385 -0.29629629629629656 0.402751169832066 0.3262284475639734 0.0 0.8055023396641313 0.5925925925925926 0.48 0.0 0.0 0.0 1.0
-1.8369701987210297e-16 0.5925925925925926 -0.8055023396641313 -0.6524568951279464 -1.0 -1.0885749325754249e-16 1.4796837929630737e-16 7.990292482000598e-17 0.0 0.8055023396641313 0.5925925925925926 0.48 0.0 0.0 0.0 1.0
0.4999999999999995 0.5132002392796675 -0.6975854889569396 -0.565044246055121 -0.8660254037844389 0.296296296296296 -0.40275116983206527 -0.326228447563973 0.0 0.8055023396641313 0.5925925925925926 0.48 0.0 0.0 0.0 1.0
0.8660254037844385 0.2962962962962964 -0.4027511698320658 -0.32622844756397346 -0.5000000000000002 0.5132002392796672 -0.6975854889569393 -0.5650442460551208 0.0 0.8055023396641313 0.5925925925925926 0.48 0.0 0.0 0.0 1.0
1.0 1.3158198810372225e-16 -1.7885744877691041e-16 -1.1985438723000897e-16 -2.220446049250313e-16 0.5925925925925926 -0.8055023396641313 -0.6524568951279464 0.0 0.8055023396641313 0.5925925925925926 0.48 0.0 0.0 0.0 1.0
0.866025403784439 -0.29629629629629584 0.4027511698320651 0.32622844756397273 0.4999999999999993 0.5132002392796675 -0.6975854889569397 -0.5650442460551212 0.0 0.8055023396641313 0.5925925925925926 0.48 0.0 0.0 0.0 1.0
0.5000000000000004 -0.5132002392796672 0.6975854889569392 0.5650442460551207 0.8660254037844384 0.29629629629629656 -0.402751169832066 -0.32622844756397346 0.0 0.8055023396641313 0.5925925925925926 0.48 0.0 0.0 0.0 1.0
