6.123233995736766e-17 -0.14999999999999997 0.9886859966642594 0.9886859966642594 1.0 9.184850993605147e-18 -6.05395570588348e-17 0.0 0.0 0.9886859966642594 0.14999999999999997 0.15 0.0 0.0 0.0 1.0
-0.4999999999999998 -0.12990381056766578 0.8562271894771855 0.8562271894771855 0.8660254037844387 -0.07499999999999996 0.49434299833212947 0.49434299833212964 0.0 0.9886859966642594 0.14999999999999997 0.15 0.0 0.0 0.0 1.0
-0.8660254037844385 -0.07500000000000004 0.49434299833213 0.4943429983321298 0.5000000000000003 -0.12990381056766576 0.8562271894771852 0.8562271894771853 0.0 0.9886859966642594 0.14999999999999997 0.15 0.0 0.0 0.0 1.0
-1.0 -1.8369701987210294e-17 1.210791141176696e-16 6.05395570588348e-17 1.2246467991473532e-16 -0.14999999999999997 0.9886859966642594 0.9886859966642594 0.0 0.9886859966642594 0.14999999999999997 0.15 0.0 0.0 0.0 1.0
-0.8660254037844386 0.075 -0.4943429983321298 -0.49434299833212947 -0.5000000000000001 -0.12990381056766576 0.8562271894771853 0.8562271894771855 0.0 0.9886859966642594 0.14999999999999997 0.15 0.0 0.0 0.0 1.0
-0.5000000000000004 0.12990381056766576 -0.8562271894771852 -0.8562271894771852 -0.8660254037844385 -0.07500000000000005 0.49434299833213013 0.49434299833213 0.0 0.9886859966642594 0.14999999999999997 0.15 0.0 0.0 0.0 1.0
-1.8369701987210297e-16 0.14999999999999997 -0.9886859966642594 -0.9886859966642594 -1.0 -2.755455298081544e-17 1.816186711765044e-16 1.210791141176696e-16 0.0 0.9886859966642594 0.14999999999999997 0.15 0.0 0.0 0.0 1.0
0.4999999999999995 0.1299038105676658 -0.8562271894771857 -0.8562271894771856 -0.8660254037844389 0.07499999999999991 -0.4943429983321292 -0.4943429983321294 0.0 0.9886859966642594 0.14999999999999997 0.15 0.0 0.0 0.0 1.0
0.8660254037844383 0.07500000000000008 -0.49434299833213036 -0.49434299833213013 -0.5000000000000007 0.1299038105676657 -0.856227189477185 -0.8562271894771852 0.0 0.9886859966642594 0.14999999999999997 0.15 0.0 0.0 0.0 1.0
1.0 3.330669073875469e-17 -2.195323915242263e-16 -1.816186711765044e-16 -2.220446049250313e-16 0.14999999999999997 -0.9886859966642594 -0.9886859966642594 0.0 0.9886859966642594 0.14999999999999997 0.15 0.0 0.0 0.0 1.0
0.866025403784439 -0.07499999999999987 0.49434299833212897 0.494342998332129 0.4999999999999993 0.12990381056766584 -0.8562271894771858 -0.8562271894771858 0.0 0.9886859966642594 0.14999999999999997 0.15 0.0 0.0 0.0 1.0
0.5000000000000004 -0.12990381056766573 0.8562271894771851 0.8562271894771851 0.8660254037844384 0.07500000000000005 -0.49434299833213013 -0.49434299833213013 0.0 0.9886859966642594 0.14999999999999997 0.15 0.0 0.0 0.0 1.0
6.123233995736766e-17 -0.29999999999999993 0.9539392014169457 0.9539392014169457 1.0 1.8369701987210294e-17 -5.841192947982224e-17 0.0 0.0 0.9539392014169457 0.29999999999999993 0.3 0.0 0.0 0.0 1.0
-0.4999999999999998 -0.25980762113533157 0.8261355820929154 0.8261355820929154 0.8660254037844387 -0.1499999999999999 0.4769696007084726 0.4769696007084728 0.0 0.9539392014169457 0.29999999999999993 0.3 0.0 0.0 0.0 1.0
-0.8660254037844385 -0.15000000000000008 0.47696960070847316 0.47696960070847294 0.5000000000000003 -0.2598076211353315 0.8261355820929152 0.8261355820929153 0.0 0.9539392014169457 0.29999999999999993 0.3 0.0 0.0 0.0 1.0
-1.0 -3.673940397442059e-17 1.1682385895964448e-16 5.841192947982224e-17 1.2246467991473532e-16 -0.29999999999999993 0.9539392014169457 0.9539392014169457 0.0 0.9539392014169457 0.29999999999999993 0.3 0.0 0.0 0.0 1.0
-0.8660254037844386 0.15 -0.47696960070847294 -0.4769696007084726 -0.5000000000000001 -0.2598076211353315 0.8261355820929153 0.8261355820929154 0.0 0.9539392014169457 0.29999999999999993 0.3 0.0 0.0 0.0 1.0
-0.5000000000000004 0.2598076211353315 -0.8261355820929152 -0.8261355820929152 -0.8660254037844385 -0.1500000000000001 0.4769696007084733 0.47696960070847316 0.0 0.9539392014169457 0.29999999999999993 0.3 0.0 0.0 0.0 1.0
-1.8369701987210297e-16 0.29999999999999993 -0.9539392014169457 -0.9539392014169457 -1.0 -5.510910596163088e-17 1.752357884394667e-16 1.1682385895964448e-16 0.0 0.9539392014169457 0.29999999999999993 0.3 0.0 0.0 0.0 1.0
0.4999999999999995 0.2598076211353316 -0.8261355820929156 -0.8261355820929155 -0.8660254037844389 0.14999999999999983 -0.47696960070847233 -0.47696960070847255 0.0 0.9539392014169457 0.29999999999999993 0.3 0.0 0.0 0.0 1.0
0.8660254037844383 0.15000000000000016 -0.47696960070847344 -0.4769696007084733 -0.5000000000000007 0.2598076211353314 -0.8261355820929149 -0.8261355820929152 0.0 0.9539392014169457 0.29999999999999993 0.3 0.0 0.0 0.0 1.0
1.0 6.661338147750938e-17 -2.1181705310112557e-16 -1.752357884394667e-16 -2.220446049250313e-16 0.29999999999999993 -0.9539392014169457 -0.9539392014169457 0.0 0.9539392014169457 0.29999999999999993 0.3 0.0 0.0 0.0 1.0
0.866025403784439 -0.14999999999999974 0.47696960070847216 0.4769696007084722 0.4999999999999993 0.2598076211353317 -0.8261355820929157 -0.8261355820929157 0.0 0.9539392014169457 0.29999999999999993 0.3 0.0 0.0 0.0 1.0
0.5000000000000004 -0.25980762113533146 0.826135582092915 0.826135582092915 0.8660254037844384 0.1500000000000001 -0.4769696007084733 -0.4769696007084733 0.0 0.9539392014169457 0.29999999999999993 0.3 0.0 0.0 0.0 1.0
6.123233995736766e-17 -0.45 0.8930285549745876 0.8930285549745877 1.0 2.7554552980815448e-17 -5.468222806984074e-17 0.0 0.0 0.8930285549745876 0.45 0.44999999999999996 0.0 0.0 0.0 1.0
-0.4999999999999998 -0.38971143170299744 0.773385414912901 0.7733854149129011 0.8660254037844387 -0.2249999999999999 0.44651427748729355 0.4465142774872938 0.0 0.8930285549745876 0.45 0.44999999999999996 0.0 0.0 0.0 1.0
-0.8660254037844385 -0.22500000000000014 0.44651427748729405 0.44651427748729394 0.5000000000000003 -0.3897114317029973 0.7733854149129008 0.773385414912901 0.0 0.8930285549745876 0.45 0.44999999999999996 0.0 0.0 0.0 1.0
-1.0 -5.5109105961630896e-17 1.0936445613968148e-16 5.4682228069840745e-17 1.2246467991473532e-16 -0.45 0.8930285549745876 0.8930285549745877 0.0 0.8930285549745876 0.45 0.44999999999999996 0.0 0.0 0.0 1.0
-0.8660254037844386 0.22500000000000006 -0.4465142774872939 -0.4465142774872936 -0.5000000000000001 -0.3897114317029974 0.7733854149129009 0.7733854149129011 0.0 0.8930285549745876 0.45 0.44999999999999996 0.0 0.0 0.0 1.0
-0.5000000000000004 0.3897114317029973 -0.7733854149129008 -0.7733854149129009 -0.8660254037844385 -0.2250000000000002 0.44651427748729416 0.4465142774872941 0.0 0.8930285549745876 0.45 0.44999999999999996 0.0 0.0 0.0 1.0
-1.8369701987210297e-16 0.45 -0.8930285549745876 -0.8930285549745877 -1.0 -8.266365894244634e-17 1.640466842095222e-16 1.0936445613968149e-16 0.0 0.8930285549745876 0.45 0.44999999999999996 0.0 0.0 0.0 1.0
0.4999999999999995 0.3897114317029974 -0.7733854149129012 -0.7733854149129012 -0.8660254037844389 0.2249999999999997 -0.4465142774872934 -0.4465142774872936 0.0 0.8930285549745877 0.44999999999999984 0.44999999999999996 0.0 0.0 0.0 1.0
0.8660254037844383 0.22500000000000023 -0.44651427748729444 -0.4465142774872942 -0.5000000000000007 0.3897114317029971 -0.7733854149129007 -0.7733854149129009 0.0 0.8930285549745877 0.44999999999999984 0.44999999999999996 0.0 0.0 0.0 1.0
1.0 9.992007221626409e-17 -1.982921726761039e-16 -1.6404668420952223e-16 -2.220446049250313e-16 0.45 -0.8930285549745876 -0.8930285549745877 0.0 0.8930285549745876 0.45 0.44999999999999996 0.0 0.0 0.0 1.0
0.866025403784439 -0.22499999999999967 0.4465142774872931 0.4465142774872932 0.4999999999999993 0.3897114317029976 -0.7733854149129012 -0.7733854149129014 0.0 0.8930285549745876 0.45 0.44999999999999996 0.0 0.0 0.0 1.0
0.5000000000000004 -0.38971143170299727 0.7733854149129007 0.7733854149129008 0.8660254037844384 0.2250000000000002 -0.44651427748729416 -0.4465142774872942 0.0 0.8930285549745876 0.45 0.44999999999999996 0.0 0.0 0.0 1.0
